01011000
10000000
01011000
00010000
00010001
10100000
01011000
01111000
00110001
10100010
01011010
01101000
00010101
10100010
01011010
01011000
10000000
01011000
00010000
00010001
10100000
01011000
01111000
00110001
10100010
01011010
01101000
00010101
10100010
01011010
01011000
10000000
01011000
00010000
00010001
10100000
01011000
01111000
00110001
10100010
01011010
01101000
00010101
10100010
01011010
01011000
10000000
01011000
00010000
00010001
10100000
01011000
01111000
00110001
10100010
01011010
01101000
00010101
10100010
01011010
01011000
10000000
01011000
00010000
00010001
10100000
01011000
01111000
00110001
10100010
01011010
01101000
00010101
10100010
01011010
01011000
10000000
01011000
00010000
00010001
10100000
01011000
01111000
00110001
10100010
01011010
01101000
00010101
10100010
01011010
01011000
10000000
01011000
00010000
00010001
10100000
01011000
01111000
00110001
10100010
01011010
01101000
00010101
10100010
01011010
01011000
10000000
01011000
00010000
00010001
10100000
01011000
01111000
00110001
10100010
01011010
01101000
00010101
10100010
01011010
01011000
10000000
01011000
00010000
00010001
10100000
01011000
01111000
00110001
10100010
01011010
01101000
00010101
10100010
01011010
01011000
10000000
01011000
00010000
00010001
10100000
01011000
01111000
00110001
10100010
01011010
01101000
00010101
10100010
01011010
01011000
10000000
01011000
00010000
00010001
10100000
01011000
01111000
00110001
10100010
01011010
01101000
00010101
10100010
01011010
01011000
10000000
01011000
00010000
00010001
10100000
01011000
01111000
00110001
10100010
01011010
01101000
00010101
10100010
01011010
01011000
10000000
01011000
00010000
00010001
10100000
01011000
01111000
00110001
10100010
01011010
01101000
00010101
10100010
01011010
01011000
10000000
01011000
00010000
00010001
10100000
01011000
01111000
00110001
10100010
01011010
01101000
00010101
10100010
01011010
01011000
10000000
01011000
00010000
00010001
10100000
01011000
01111000
00110001
10100010
01011010
01101000
00010101
10100010
01011010
01011000
10000000
01011000
00010000
00010001
10100000
01011000
01111000
00110001
10100010
01011010
01101000
00010101
10100010
01011010
01011000
10000000
01011000
00010000
00010001
10100000
01011000
01111000
00110001
10100010
01011010
01101000
00010101
10100010
01011010
01011000
10000000
01011000
00010000
00010001
10100000
01011000
01111000
00110001
10100010
01011010
01101000
00010101
10100010
01011010
01011000
10000000
01011000
00010000
00010001
10100000
01011000
01111000
00110001
10100010
01011010
01101000
00010101
10100010
01011010
01011000
10000000
01011000
00010000
00010001
10100000
01011000
01111000
00110001
10100010
01011010
01101000
00010101
10100010
01011010
01011000
10000000
01011000
00010000
00010001
10100000
01011000
01111000
00110001
10100010
01011010
01101000
00010101
10100010
01011010
01011000
10000000
01011000
00010000
00010001
10100000
01011000
01111000
00110001
10100010
01011010
01101000
00010101
10100010
01011010
01011000
10000000
01011000
00010000
00010001
10100000
01011000
01111000
00110001
10100010
01011010
01101000
00010101
10100010
01011010
01011000
10000000
01011000
00010000
00010001
10100000
01011000
01111000
00110001
10100010
01011010
01101000
00010101
10100010
01011010
01011000
10000000
01011000
00010000
00010001
10100000
01011000
01111000
00110001
10100010
01011010
01101000
00010101
10100010
01011010
01011000
10000000
01011000
00010000
00010001
10100000
01011000
01111000
00110001
10100010
01011010
01101000
00010101
10100010
01011010
01011000
10000000
01011000
00010000
00010001
10100000
01011000
01111000
00110001
10100010
01011010
01101000
00010101
10100010
01011010
01011000
10000000
01011000
00010000
00010001
10100000
01011000
01111000
00110001
10100010
01011010
01101000
00010101
10100010
01011010
01011000
10000000
01011000
00010000
00010001
10100000
01011000
01111000
00110001
10100010
01011010
01101000
00010101
10100010
01011010
01011000
10000000
01011000
00010000
00010001
10100000
01011000
01111000
00110001
10100010
01011010
01101000
00010101
10100010
01011010
01011000
10000000
01011000
00010000
00010001
10100000
01011000
01111000
00110001
10100010
01011010
01101000
00010101
10100010
01011010
01011000
10000000
01011000
00010000
00010001
10100000
01011000
01111000
00110001
10100010
01011010
01101000
00010101
10100010
01011010
01011000
10000000
01011000
00010000
00010001
10100000
01011000
01111000
00110001
10100010
01011010
01101000
00010101
10100010
01011010
01011000
10000000
01011000
00010000
00010001
10100000
01011000
01111000
00110001
10100010
01011010
01101000
00010101
10100010
01011010
10100010
01011010